000000000000000000000000000000000000000000000000000000000000000000000000000000000000000000000000
000000000111111011000011100000011010010110000001101111011001100111000011011111100000000000000000
000000000111111011111111111111111101101111111111110000111110011111111111011111100000000000000000
000000000000000001000100111011101111111011111110111111100111110000111000000100000000000000000000
000000000001000000111000011111001111111011111110011111000011100000010000000000000000000000000000
000000000001100000111100001111001111111111100111111001110001100000011000011111100000000000000000
000000000001100000111100011111101111111111111111011111100001100000011000011111100000000000000000
000000000000000000000000000000000011110001111110011111100011110000000000000000000000000000000000
000000000000000000000000000000000011110001111110011111100011110000000000000000000000000000000000
000000000000000000111100011111100110011001000010010000100110011001111110001111000000000000000000
000000000000000000111100011111100110011001000010010000100110011001111110001111000000000000000000
000000000011111000001110001110100111001011111000110011001100110011001100011110000000000000000000
000000000011110001100110011001100110011000111100000110000111111000011000000110000000000000000000
000000000001111100011001000110010001111100011000000110000111100011111000011100000000000000000000
000000000111111101100011011111110110001101100011011000110110011111100111111001101100000000000000
000000000000000000011000110110110111111011100111111001110111111011011011000110000000000000000000
000000001000000011000000111000001111100011111110111110001110000011000000100000000000000000000000
000000000000001000000110000011100011111011111110001111100000111000000110000000100000000000000000
000000000001100000111100011111100001100000011000000110000111111000111100000110000000000000000000
000000000110011001100110011001100110011001100110000000000000000001100110011001100000000000000000
000000000111111111011011110110111101101101111011000110110001101100011011000110110000000000000000
000000000111111001100011001100000011110001100110011001100011110000001100110001100111111000000000
000000000000000000000000000000000000000000000000000000001111111011111110111111100000000000000000
000000000001100000111100011111100001100000011000000110000111111000111100000110000111111000000000
000000000001100000111100011111100001100000011000000110000001100000011000000110000000000000000000
000000000001100000011000000110000001100000011000000110000111111000111100000110000000000000000000
000000000000000000000000000110000000110011111110000011000001100000000000000000000000000000000000
000000000000000000000000001100000110000011111110011000000011000000000000000000000000000000000000
000000000000000000000000000000001100000011000000110000001111111000000000000000000000000000000000
000000000000000000000000001001000110011011111111011001100010010000000000000000000000000000000000
000000000000000000010000000100000011100000111000011111000111110011111110111111100000000000000000
000000000000000011111110111111100111110001111100001110000011100000010000000100000000000000000000
000000000000000000000000000000000000000000000000000000000000000000000000000000000000000000000000
000000000011000001111000011110000111100000110000001100000000000000110000001100000000000000000000
000000000110011001100110011001100010010000000000000000000000000000000000000000000000000000000000
000000000110110001101100111111100110110001101100011011001111111001101100011011000000000000000000
001100000011000001111100110000001100000001111000000011000000110011111000001100000011000000000000
000000000000000000000000110001001100110000011000001100000110000011001100100011000000000000000000
000000000111000011011000110110000111000011111010110111101100110011011100011101100000000000000000
000000000011000000110000001100000110000000000000000000000000000000000000000000000000000000000000
000000000000110000011000001100000110000001100000011000000011000000011000000011000000000000000000
000000000110000000110000000110000000110000001100000011000001100000110000011000000000000000000000
000000000000000000000000011001100011110011111111001111000110011000000000000000000000000000000000
000000000000000000000000000110000001100001111110000110000001100000000000000000000000000000000000
000000000000000000000000000000000000000000000000000000000000000000111000001110000110000000000000
000000000000000000000000000000000000000011111110000000000000000000000000000000000000000000000000
000000000000000000000000000000000000000000000000000000000000000000111000001110000000000000000000
000000000000000000000010000001100000110000011000001100000110000011000000100000000000000000000000
000000000111110011000110110011101101111011010110111101101110011011000110011111000000000000000000
000000000001000000110000111100000011000000110000001100000011000000110000111111000000000000000000
000000000111100011001100110011000000110000011000001100000110000011001100111111000000000000000000
000000000111100011001100000011000000110000111000000011000000110011001100011110000000000000000000
000000000000110000011100001111000110110011001100111111100000110000001100000111100000000000000000
000000001111110011000000110000001100000011111000000011000000110011001100011110000000000000000000
000000000011100001100000110000001100000011111000110011001100110011001100011110000000000000000000
000000001111111011000110110001100000011000001100000110000011000000110000001100000000000000000000
000000000111100011001100110011001110110001111000110111001100110011001100011110000000000000000000
000000000111100011001100110011001100110001111100000110000001100000110000011100000000000000000000
000000000000000000000000001110000011100000000000000000000011100000111000000000000000000000000000
000000000000000000000000001110000011100000000000000000000011100000111000000110000011000000000000
000000000000110000011000001100000110000011000000011000000011000000011000000011000000000000000000
000000000000000000000000000000000111111000000000011111100000000000000000000000000000000000000000
000000000110000000110000000110000000110000000110000011000001100000110000011000000000000000000000
000000000111100011001100000011000001100000110000001100000000000000110000001100000000000000000000
000000000111110011000110110001101101111011011110110111101100000011000000011111000000000000000000
000000000011000001111000110011001100110011001100111111001100110011001100110011000000000000000000
000000001111110001100110011001100110011001111100011001100110011001100110111111000000000000000000
000000000011110001100110110001101100000011000000110000001100011001100110001111000000000000000000
000000001111100001101100011001100110011001100110011001100110011001101100111110000000000000000000
000000001111111001100010011000000110010001111100011001000110000001100010111111100000000000000000
000000001111111001100110011000100110010001111100011001000110000001100000111100000000000000000000
000000000011110001100110110001101100000011000000110011101100011001100110001111100000000000000000
000000001100110011001100110011001100110011111100110011001100110011001100110011000000000000000000
000000000111100000110000001100000011000000110000001100000011000000110000011110000000000000000000
000000000001111000001100000011000000110000001100110011001100110011001100011110000000000000000000
000000001110011001100110011011000110110001111000011011000110110001100110111001100000000000000000
000000001111000001100000011000000110000001100000011000100110011001100110111111100000000000000000
000000001100011011101110111111101111111011010110110001101100011011000110110001100000000000000000
000000001100011011000110111001101111011011111110110111101100111011000110110001100000000000000000
000000000011100001101100110001101100011011000110110001101100011001101100001110000000000000000000
000000001111110001100110011001100110011001111100011000000110000001100000111100000000000000000000
000000000011100001101100110001101100011011000110110011101101111001111100000011000001111000000000
000000001111110001100110011001100110011001111100011011000110011001100110111001100000000000000000
000000000111100011001100110011001100000001110000000110001100110011001100011110000000000000000000
000000001111110010110100001100000011000000110000001100000011000000110000011110000000000000000000
000000001100110011001100110011001100110011001100110011001100110011001100011110000000000000000000
000000001100110011001100110011001100110011001100110011001100110001111000001100000000000000000000
000000001100011011000110110001101100011011010110110101100110110001101100011011000000000000000000
000000001100110011001100110011000111100000110000011110001100110011001100110011000000000000000000
000000001100110011001100110011001100110001111000001100000011000000110000011110000000000000000000
000000001111111011001110100110000001100000110000011000000110001011000110111111100000000000000000
000000000011110000110000001100000011000000110000001100000011000000110000001111000000000000000000
000000000000000010000000110000000110000000110000000110000000110000000110000000100000000000000000
000000000011110000001100000011000000110000001100000011000000110000001100001111000000000000000000
000100000011100001101100110001100000000000000000000000000000000000000000000000000000000000000000
000000000000000000000000000000000000000000000000000000000000000000000000000000001111111100000000
001100000011000000011000000000000000000000000000000000000000000000000000000000000000000000000000
000000000000000000000000000000000111100000001100011111001100110011001100011101100000000000000000
000000001110000001100000011000000111110001100110011001100110011001100110110111000000000000000000
000000000000000000000000000000000111100011001100110000001100000011001100011110000000000000000000
000000000001110000001100000011000111110011001100110011001100110011001100011101100000000000000000
000000000000000000000000000000000111100011001100111111001100000011001100011110000000000000000000
000000000011100001101100011000000110000011111000011000000110000001100000111100000000000000000000
000000000000000000000000000000000111011011001100110011001100110001111100000011001100110001111000
000000001110000001100000011000000110110001110110011001100110011001100110111001100000000000000000
000000000001100000011000000000000111100000011000000110000001100000011000011111100000000000000000
000000000000110000001100000000000011110000001100000011000000110000001100110011001100110001111000
000000001110000001100000011000000110011001101100011110000110110001100110111001100000000000000000
000000000111100000011000000110000001100000011000000110000001100000011000011111100000000000000000
000000000000000000000000000000001111110011010110110101101101011011010110110001100000000000000000
000000000000000000000000000000001111100011001100110011001100110011001100110011000000000000000000
000000000000000000000000000000000111100011001100110011001100110011001100011110000000000000000000
000000000000000000000000000000001101110001100110011001100110011001100110011111000110000011110000
000000000000000000000000000000000111011011001100110011001100110011001100011111000000110000011110
000000000000000000000000000000001110110001101110011101100110000001100000111100000000000000000000
000000000000000000000000000000000111100011001100011000000001100011001100011110000000000000000000
000000000000000000100000011000001111110001100000011000000110000001101100001110000000000000000000
000000000000000000000000000000001100110011001100110011001100110011001100011101100000000000000000
000000000000000000000000000000001100110011001100110011001100110001111000001100000000000000000000
000000000000000000000000000000001100011011000110110101101101011001101100011011000000000000000000
000000000000000000000000000000001100011001101100001110000011100001101100110001100000000000000000
000000000000000000000000000000000110011001100110011001100110011000111100000011000001100011110000
000000000000000000000000000000001111110010001100000110000110000011000100111111000000000000000000
000000000001110000110000001100000110000011000000011000000011000000110000000111000000000000000000
000000000001100000011000000110000001100000000000000110000001100000011000000110000000000000000000
000000001110000000110000001100000001100000001100000110000011000000110000111000000000000000000000
000000000111001111011010110011100000000000000000000000000000000000000000000000000000000000000000
000000000000000000000000000100000011100001101100110001101100011011111110000000000000000000000000
000000000111100011001100110011001100000011000000110000001100110011001100011110000011000011110000
000000001100110011001100000000001100110011001100110011001100110011001100011101100000000000000000
000011000001100000110000000000000111100011001100111111001100000011001100011110000000000000000000
001100000111100011001100000000000111100000001100011111001100110011001100011101100000000000000000
000000001100110011001100000000000111100000001100011111001100110011001100011101100000000000000000
110000000110000000110000000000000111100000001100011111001100110011001100011101100000000000000000
001110000110110001101100001110001111100000001100011111001100110011001100011101100000000000000000
000000000000000000000000000000000111100011001100110000001100000011001100011110000011000011110000
001100000111100011001100000000000111100011001100111111001100000011000000011111000000000000000000
000000001100110011001100000000000111100011001100111111001100000011000000011111000000000000000000
110000000110000000110000000000000111100011001100111111001100000011000000011111000000000000000000
000000000110110001101100000000000111100000011000000110000001100000011000011111100000000000000000
000100000011100001101100000000000111100000011000000110000001100000011000011111100000000000000000
011000000011000000011000000000000111100000011000000110000001100000011000011111100000000000000000
000000001100110000000000001100000111100011001100110011001111110011001100110011000000000000000000
011110001100110011001100011110000111100011001100110011001111110011001100110011000000000000000000
000011000001100000110000111111001100010011000000111110001100000011000100111111000000000000000000
000000000000000000000000000000001111111000011011011111111101100011011000111011110000000000000000
000000000011111001111000110110001101100011111110110110001101100011011000110111100000000000000000
001100000111100011001100000000000111100011001100110011001100110011001100011110000000000000000000
000000001100110011001100000000000111100011001100110011001100110011001100011110000000000000000000
110000000110000000110000000000000111100011001100110011001100110011001100011110000000000000000000
001100000111100011001100000000001100110011001100110011001100110011001100011101100000000000000000
110000000110000000110000000000001100110011001100110011001100110011001100011101100000000000000000
000000000110011001100110000000000110011001100110011001100110011000111100000011000001100011110000
110011000000000001111000110011001100110011001100110011001100110011001100011110000000000000000000
110011000000000011001100110011001100110011001100110011001100110011001100011110000000000000000000
000000000011000000110000011110001100110011000000110000001100110001111000001100000011000000000000
001111000110011001100000011000000110000011111100011000000110000011000000111111100000000000000000
110011001100110011001100110011000111100011111100001100001111110000110000001100000000000000000000
111100001000100010001000100010001111000010001000100111101000110010001101100001100000000000000000
000011100001101100011000000110000111111000011000000110000001100011011000011100000000000000000000
000011000001100000110000000000000111100000001100011111001100110011001100011101100000000000000000
000011000001100000110000000000000111100000011000000110000001100000011000011111100000000000000000
000011000001100000110000000000000111100011001100110011001100110011001100011110000000000000000000
000011000001100000110000000000001100110011001100110011001100110011001100011101100000000000000000
000000000111011011011100000000001111100011001100110011001100110011001100110011000000000000000000
011101101101110000000000110001101110011011110110110111101100111011000110110001100000000000000000
000000000111100011001100110011000111111000000000111111100000000000000000000000000000000000000000
000000000111100011001100110011000111100000000000111111100000000000000000000000000000000000000000
000000000011000000110000000000000011000001100000110000001100000011001100011110000000000000000000
000000000000000000000000000000000000000011111100110000001100000011000000000000000000000000000000
000000000000000000000000000000000000000011111100000011000000110000001100000000000000000000000000
000000000100001011000110110011001101100000110000011011101100001110000110000011000001111100000000
000000000110001111100110011011000111100000110111011011111101101110110011001111110000001100000000
000000000011000000110000000000000011000000110000011110000111100001111000001100000000000000000000
000000000000000000000000000000000011001101100110110011001100110001100110001100110000000000000000
000000000000000000000000000000001100110001100110001100110011001101100110110011000000000000000000
001001001001001001001001001001001001001001001001001001001001001001001001001001001001001001001001
101010100101010110101010010101011010101001010101101010100101010110101010010101011010101001010101
100100100010010001001001100100100010010001001001100100100010010001001001100100100010010001001001
000110000001100000011000000110000001100000011000000110000001100000011000000110000001100000011000
000110000001100000011000000110000001100011111000000110000001100000011000000110000001100000011000
000110000001100000011000000110001111100000011000000110001111100000011000000110000001100000011000
011001100110011001100110011001100110011011100110011001100110011001100110011001100110011001100110
000000000000000000000000000000000000000011111110011001100110011001100110011001100110011001100110
000000000000000000000000000000001111100000011000000110001111100000011000000110000001100000011000
011001100110011001100110011001101110011000000110000001101110011001100110011001100110011001100110
011001100110011001100110011001100110011001100110011001100110011001100110011001100110011001100110
000000000000000000000000000000001111111000000110000001101110011001100110011001100110011001100110
011001100110011001100110011001101110011000000110000001101111111000000000000000000000000000000000
011001100110011001100110011001100110011011111110000000000000000000000000000000000000000000000000
000110000001100000011000000110001111100000011000000110001111100000000000000000000000000000000000
000000000000000000000000000000000000000011111000000110000001100000011000000110000001100000011000
000110000001100000011000000110000001100000011111000000000000000000000000000000000000000000000000
000110000001100000011000000110000001100011111111000000000000000000000000000000000000000000000000
000000000000000000000000000000000000000011111111000110000001100000011000000110000001100000011000
000110000001100000011000000110000001100000011111000110000001100000011000000110000001100000011000
000000000000000000000000000000000000000011111111000000000000000000000000000000000000000000000000
000110000001100000011000000110000001100011111111000110000001100000011000000110000001100000011000
000110000001100000011000000110000001111100011000000110000001111100011000000110000001100000011000
011001100110011001100110011001100110011001100111011001100110011001100110011001100110011001100110
011001100110011001100110011001100110011101100000011000000111111100000000000000000000000000000000
000000000000000000000000000000000111111101100000011000000110011101100110011001100110011001100110
011001100110011001100110011001101110011100000000000000001111111100000000000000000000000000000000
000000000000000000000000000000001111111100000000000000001110011101100110011001100110011001100110
011001100110011001100110011001100110011101100000011000000110011101100110011001100110011001100110
000000000000000000000000000000001111111100000000000000001111111100000000000000000000000000000000
011001100110011001100110011001101110011100000000000000001110011101100110011001100110011001100110
000110000001100000011000000110001111111100000000000000001111111100000000000000000000000000000000
011001100110011001100110011001100110011011111111000000000000000000000000000000000000000000000000
000000000000000000000000000000001111111100000000000000001111111100011000000110000001100000011000
000000000000000000000000000000000000000011111111011001100110011001100110011001100110011001100110
011001100110011001100110011001100110011001111111000000000000000000000000000000000000000000000000
000110000001100000011000000110000001111100011000000110000001111100000000000000000000000000000000
000000000000000000000000000000000001111100011000000110000001111100011000000110000001100000011000
000000000000000000000000000000000000000001111111011001100110011001100110011001100110011001100110
011001100110011001100110011001100110011011100111011001100110011001100110011001100110011001100110
000110000001100000011000000110001111111100000000000000001111111100011000000110000001100000011000
000110000001100000011000000110000001100011111000000000000000000000000000000000000000000000000000
000000000000000000000000000000000000000000011111000110000001100000011000000110000001100000011000
000000000000000000000000000000000000000000000000000000000000000000000000000000000000000000000000
000000000000000000000000000000000000000000000000111111111111111111111111111111111111111111111111
111100001111000011110000111100001111000011110000111100001111000011110000111100001111000011110000
111100001111000011110000111100001111000011110000111100001111000011110000111100001111000011110000
000000000000000000000000000000000000000000000000111111111111111111111111111111111111111111111111
000000000000000000000000000000000111011011011110110011001100110011011110011101100000000000000000
000000000111100011001100110011001101100011001100110011001100110011111000110000000110000000000000
000000001111110011001100110011001100000011000000110000001100000011000000110000000000000000000000
000000001111111001101100011011000110110001101100011011000110110001101100011001100000000000000000
000000001111110011000100011001000110000000110000011000000110010011000100111111000000000000000000
000000000000000000000000000000000111111011001000110011001100110011001100011110000000000000000000
000000000000000000000000000000000110011001100110011001100110011001100110011110110110000011000000
000000000000000000000000011101101101110000011000000110000001100000011000000011100000000000000000
000000001111110000110000011110001100110011001100110011000111100000110000111111000000000000000000
000000000111100011001100110011001100110011111100110011001100110011001100011110000000000000000000
000000000111110011000110110001101100011011000110011011000110110001101100111011100000000000000000
000000000011110001100000001100000111100011001100110011001100110011001100011110000000000000000000
000000000000000000000000011101101101101111011011110110110110111000000000000000000000000000000000
000000000000000000000110011111001101111011010110111101100111110011000000000000000000000000000000
000000000011110001100000110000001100000011111100110000001100000001100000001111000000000000000000
000000000000000001111000110011001100110011001100110011001100110011001100110011000000000000000000
000000000000000011111100000000000000000011111100000000000000000011111100000000000000000000000000
000000000000000000110000001100001111110000110000001100000000000011111100000000000000000000000000
000000000110000000110000000110000001100000110000011000000000000011111100000000000000000000000000
000000000001100000110000011000000110000000110000000110000000000011111100000000000000000000000000
000000000000000000001110000110110001101100011000000110000001100000011000000110000001100000011000
000110000001100000011000000110000001100000011000000110001101100011011000011100000000000000000000
000000000000000000110000001100000000000011111100000000000011000000110000000000000000000000000000
000000000000000001110011110110111100111000000000011100111101101111001110000000000000000000000000
000000000011110001100110011001100110011000111100000000000000000000000000000000000000000000000000
000000000000000000000000000000000001110000011100000000000000000000000000000000000000000000000000
000000000000000000000000000000000000000000011000000000000000000000000000000000000000000000000000
000000000000011100000100000001000000010001000100011001000011010000011100000011000000000000000000
000000001101100001101100011011000110110001101100000000000000000000000000000000000000000000000000
000000000111100000001100000110000011000001111100000000000000000000000000000000000000000000000000
000000000000000000111100001111000011110000111100001111000011110000111100001111000000000000000000
000000000000000000000000000000000000000000000000000000000000000000000000000000000000000000000000
